 1 Centrale kraftværker DK1
 2 Centrale kraftværker DK2
 3 Decentrale kraftværker DK1
 4 Decentrale kraftværker DK2
 5 Vindmøller DK1
 6 Vindmøller DK2
 7 Udveksling Jylland-Norge
 8 Udveksling Jylland-Sverige
 9 Udveksling Jylland-Tyskland
10 Udveksling Sjælland-Sverige
11 Udveksling Sjælland-Tyskland
12 Udveksling Bornholm-Sverige
13 Udveksling Fyn-Sjaelland
14 Temperatur i Malling
15 Vindhastighed i Malling
16 CO2 udledning
17 Havmøller DK
18 Landmøller DK
19 Solceller DK1
20 Solceller DK2
 
Dato og tid      ;      1 ;      2 ;      3 ;      4 ;      5 ;      6 ;      7 ;      8 ;      9 ;     10 ;     11 ;     12 ;     13 ;     14 ;     15 ;     16 ;     17 ;     18 ;     19 ;     20 ;
2016-12-08 00:00 ;    599 ;    587 ;    270 ;    139 ;   2721 ;    733 ;  -1527 ;   -338 ;    554 ;   -669 ;    113 ;    -18 ;   -381 ;     10 ;      9 ;    190 ;   1060 ;   2394 ;      0 ;      0 ;
2016-12-08 00:05 ;    557 ;    583 ;    271 ;    126 ;   2757 ;    732 ;  -1508 ;   -330 ;    505 ;   -726 ;    247 ;    -17 ;   -318 ;     10 ;     11 ;    184 ;   1058 ;   2430 ;      0 ;      0 ;
2016-12-08 00:10 ;    527 ;    590 ;    241 ;    117 ;   2746 ;    742 ;  -1516 ;   -322 ;    473 ;   -734 ;    304 ;    -19 ;   -256 ;     10 ;     11 ;    180 ;   1061 ;   2427 ;      0 ;      0 ;
2016-12-08 00:15 ;    512 ;    577 ;    213 ;    116 ;   2750 ;    741 ;  -1518 ;   -314 ;    483 ;   -670 ;    304 ;    -18 ;   -193 ;     10 ;      9 ;    175 ;   1060 ;   2431 ;      0 ;      0 ;
2016-12-08 00:20 ;    492 ;    568 ;    198 ;    115 ;   2759 ;    749 ;  -1520 ;   -313 ;    503 ;   -668 ;    304 ;    -18 ;   -192 ;     10 ;      8 ;    170 ;   1060 ;   2448 ;      0 ;      0 ;
2016-12-08 00:25 ;    480 ;    549 ;    198 ;    115 ;   2750 ;    745 ;  -1519 ;   -314 ;    529 ;   -688 ;    304 ;    -18 ;   -230 ;     10 ;      9 ;    166 ;   1063 ;   2431 ;      0 ;      0 ;
2016-12-08 00:30 ;    483 ;    540 ;    198 ;    115 ;   2736 ;    741 ;  -1520 ;   -315 ;    502 ;   -687 ;    304 ;    -19 ;   -231 ;     10 ;      8 ;    166 ;   1060 ;   2418 ;      0 ;      0 ;
2016-12-08 00:35 ;    485 ;    540 ;    195 ;    116 ;   2736 ;    743 ;  -1522 ;   -314 ;    509 ;   -690 ;    304 ;    -19 ;   -231 ;     10 ;      9 ;    166 ;   1063 ;   2416 ;      0 ;      0 ;
2016-12-08 00:40 ;    485 ;    536 ;    194 ;    117 ;   2733 ;    742 ;  -1522 ;   -315 ;    507 ;   -689 ;    304 ;    -18 ;   -231 ;     10 ;      9 ;    165 ;   1061 ;   2415 ;      0 ;      0 ;
2016-12-08 00:45 ;    479 ;    528 ;    194 ;    117 ;   2729 ;    742 ;  -1521 ;   -314 ;    511 ;   -695 ;    304 ;    -18 ;   -231 ;     10 ;      9 ;    164 ;   1064 ;   2407 ;      0 ;      0 ;
2016-12-08 00:50 ;    480 ;    519 ;    193 ;    117 ;   2738 ;    750 ;  -1521 ;   -310 ;    525 ;   -750 ;    304 ;    -17 ;   -293 ;     10 ;      9 ;    163 ;   1066 ;   2422 ;      0 ;      0 ;
2016-12-08 00:55 ;    475 ;    521 ;    192 ;    119 ;   2744 ;    742 ;  -1526 ;   -304 ;    530 ;   -701 ;    169 ;    -19 ;   -357 ;     10 ;      9 ;    162 ;   1062 ;   2424 ;      0 ;      0 ;
2016-12-08 01:00 ;    481 ;    522 ;    195 ;    120 ;   2771 ;    740 ;  -1523 ;   -300 ;    552 ;   -600 ;     30 ;    -20 ;   -383 ;     10 ;      8 ;    163 ;   1061 ;   2450 ;      0 ;      0 ;
2016-12-08 01:05 ;    500 ;    520 ;    198 ;    119 ;   2768 ;    739 ;  -1525 ;   -293 ;    659 ;   -535 ;   -109 ;    -19 ;   -448 ;     10 ;      9 ;    165 ;   1058 ;   2449 ;      0 ;      0 ;
2016-12-08 01:10 ;    508 ;    511 ;    195 ;    117 ;   2772 ;    745 ;  -1527 ;   -289 ;    711 ;   -452 ;   -246 ;    -21 ;   -511 ;     10 ;      7 ;    164 ;   1049 ;   2468 ;      0 ;      0 ;
2016-12-08 01:15 ;    516 ;    510 ;    197 ;    123 ;   2797 ;    743 ;  -1531 ;   -284 ;    736 ;   -515 ;   -250 ;    -19 ;   -576 ;     10 ;     10 ;    165 ;   1042 ;   2498 ;      0 ;      0 ;
2016-12-08 01:20 ;    518 ;    518 ;    194 ;    127 ;   2818 ;    756 ;  -1532 ;   -284 ;    702 ;   -538 ;   -250 ;    -21 ;   -585 ;     10 ;      8 ;    166 ;   1050 ;   2524 ;      0 ;      0 ;
2016-12-08 01:25 ;    517 ;    524 ;    194 ;    128 ;   2802 ;    760 ;  -1530 ;   -283 ;    701 ;   -559 ;   -250 ;    -21 ;   -586 ;     10 ;      9 ;    167 ;   1057 ;   2506 ;      0 ;      0 ;
2016-12-08 01:30 ;    520 ;    536 ;    198 ;    130 ;   2819 ;    766 ;  -1531 ;   -284 ;    687 ;   -578 ;   -250 ;    -22 ;   -586 ;     10 ;      8 ;    169 ;   1061 ;   2523 ;      0 ;      0 ;
2016-12-08 01:35 ;    518 ;    540 ;    194 ;    129 ;   2813 ;    770 ;  -1532 ;   -283 ;    717 ;   -590 ;   -250 ;    -21 ;   -586 ;     10 ;     10 ;    169 ;   1060 ;   2523 ;      0 ;      0 ;
2016-12-08 01:40 ;    524 ;    530 ;    194 ;    130 ;   2823 ;    767 ;  -1531 ;   -283 ;    693 ;   -583 ;   -250 ;    -21 ;   -586 ;     10 ;      9 ;    168 ;   1063 ;   2527 ;      0 ;      0 ;
2016-12-08 01:45 ;    518 ;    524 ;    193 ;    129 ;   2830 ;    768 ;  -1532 ;   -284 ;    709 ;   -581 ;   -250 ;    -21 ;   -586 ;     10 ;      8 ;    166 ;   1056 ;   2542 ;      0 ;      0 ;
2016-12-08 01:50 ;    509 ;    519 ;    193 ;    126 ;   2864 ;    766 ;  -1531 ;   -281 ;    693 ;   -573 ;   -250 ;    -23 ;   -587 ;     10 ;      9 ;    163 ;   1060 ;   2569 ;      0 ;      0 ;
2016-12-08 01:55 ;    495 ;    516 ;    194 ;    128 ;   2846 ;    764 ;  -1531 ;   -274 ;    693 ;   -569 ;   -250 ;    -24 ;   -586 ;     10 ;     10 ;    162 ;   1059 ;   2551 ;      0 ;      0 ;
2016-12-08 02:00 ;    489 ;    513 ;    192 ;    130 ;   2852 ;    761 ;  -1532 ;   -272 ;    702 ;   -487 ;   -342 ;    -25 ;   -586 ;     10 ;      9 ;    160 ;   1053 ;   2560 ;      0 ;      0 ;
2016-12-08 02:05 ;    483 ;    519 ;    191 ;    130 ;   2823 ;    760 ;  -1531 ;   -263 ;    735 ;   -393 ;   -440 ;    -24 ;   -586 ;     10 ;      9 ;    162 ;   1048 ;   2534 ;      0 ;      0 ;
2016-12-08 02:10 ;    482 ;    514 ;    186 ;    128 ;   2721 ;    767 ;  -1532 ;   -262 ;    820 ;   -388 ;   -440 ;    -23 ;   -586 ;     10 ;     11 ;    164 ;   1050 ;   2438 ;      0 ;      0 ;
2016-12-08 02:15 ;    485 ;    509 ;    183 ;    129 ;   2708 ;    768 ;  -1532 ;   -256 ;    798 ;   -397 ;   -440 ;    -24 ;   -586 ;     10 ;      8 ;    164 ;   1051 ;   2425 ;      0 ;      0 ;
2016-12-08 02:20 ;    481 ;    510 ;    184 ;    128 ;   2708 ;    777 ;  -1532 ;   -255 ;    797 ;   -394 ;   -440 ;    -24 ;   -586 ;     10 ;      9 ;    164 ;   1052 ;   2433 ;      0 ;      0 ;
2016-12-08 02:25 ;    487 ;    509 ;    184 ;    129 ;   2671 ;    781 ;  -1531 ;   -256 ;    793 ;   -401 ;   -440 ;    -22 ;   -586 ;     10 ;      9 ;    165 ;   1063 ;   2389 ;      0 ;      0 ;
2016-12-08 02:30 ;    487 ;    512 ;    182 ;    130 ;   2675 ;    788 ;  -1534 ;   -255 ;    797 ;   -418 ;   -440 ;    -22 ;   -586 ;     10 ;      8 ;    165 ;   1063 ;   2400 ;      0 ;      0 ;
2016-12-08 02:35 ;    490 ;    511 ;    180 ;    130 ;   2670 ;    792 ;  -1532 ;   -255 ;    786 ;   -422 ;   -440 ;    -22 ;   -586 ;     10 ;      8 ;    166 ;   1069 ;   2394 ;      0 ;      0 ;
2016-12-08 02:40 ;    484 ;    509 ;    178 ;    132 ;   2661 ;    801 ;  -1533 ;   -255 ;    788 ;   -419 ;   -440 ;    -22 ;   -586 ;     10 ;      9 ;    165 ;   1072 ;   2390 ;      0 ;      0 ;
2016-12-08 02:45 ;    485 ;    507 ;    179 ;    133 ;   2655 ;    797 ;  -1533 ;   -256 ;    775 ;   -419 ;   -440 ;    -22 ;   -586 ;     10 ;      9 ;    165 ;   1070 ;   2383 ;      0 ;      0 ;
2016-12-08 02:50 ;    481 ;    507 ;    181 ;    133 ;   2657 ;    803 ;  -1532 ;   -254 ;    787 ;   -413 ;   -440 ;    -22 ;   -583 ;     10 ;     10 ;    164 ;   1072 ;   2388 ;      0 ;      0 ;
2016-12-08 02:55 ;    478 ;    503 ;    182 ;    132 ;   2626 ;    805 ;  -1534 ;   -249 ;    813 ;   -415 ;   -440 ;    -22 ;   -583 ;     10 ;     12 ;    164 ;   1064 ;   2367 ;      0 ;      0 ;
2016-12-08 03:00 ;    479 ;    505 ;    183 ;    131 ;   2944 ;    814 ;  -1531 ;   -250 ;    540 ;   -379 ;   -483 ;    -23 ;   -581 ;     10 ;     10 ;    154 ;   1104 ;   2654 ;      0 ;      0 ;
2016-12-08 03:05 ;    478 ;    501 ;    187 ;    133 ;   2873 ;    810 ;  -1531 ;   -244 ;    627 ;   -341 ;   -526 ;    -24 ;   -577 ;     10 ;     12 ;    156 ;   1098 ;   2585 ;      0 ;      0 ;
2016-12-08 03:10 ;    475 ;    497 ;    190 ;    131 ;   2868 ;    813 ;  -1531 ;   -242 ;    614 ;   -334 ;   -526 ;    -23 ;   -580 ;     10 ;      9 ;    155 ;   1094 ;   2586 ;      0 ;      0 ;
2016-12-08 03:15 ;    479 ;    498 ;    185 ;    129 ;   2879 ;    810 ;  -1531 ;   -238 ;    625 ;   -349 ;   -526 ;    -24 ;   -590 ;     10 ;     13 ;    155 ;   1101 ;   2588 ;      0 ;      0 ;
2016-12-08 03:20 ;    480 ;    495 ;    184 ;    129 ;   2863 ;    817 ;  -1531 ;   -238 ;    641 ;   -332 ;   -526 ;    -23 ;   -590 ;     11 ;     10 ;    155 ;   1099 ;   2581 ;      0 ;      0 ;
2016-12-08 03:25 ;    479 ;    495 ;    186 ;    129 ;   2854 ;    817 ;  -1531 ;   -237 ;    660 ;   -349 ;   -526 ;    -23 ;   -590 ;     11 ;     11 ;    155 ;   1094 ;   2576 ;      0 ;      0 ;
2016-12-08 03:30 ;    477 ;    494 ;    183 ;    128 ;   2789 ;    811 ;  -1532 ;   -237 ;    651 ;   -329 ;   -526 ;    -23 ;   -589 ;     11 ;     10 ;    157 ;   1064 ;   2535 ;      0 ;      0 ;
2016-12-08 03:35 ;    474 ;    493 ;    183 ;    127 ;   2787 ;    813 ;  -1531 ;   -237 ;    648 ;   -332 ;   -526 ;    -24 ;   -590 ;     10 ;     11 ;    157 ;   1064 ;   2536 ;      0 ;      0 ;
2016-12-08 03:40 ;    479 ;    495 ;    182 ;    124 ;   2810 ;    817 ;  -1532 ;   -238 ;    649 ;   -331 ;   -526 ;    -24 ;   -590 ;     11 ;     10 ;    156 ;   1070 ;   2557 ;      0 ;      0 ;
2016-12-08 03:45 ;    478 ;    497 ;    182 ;    121 ;   2809 ;    809 ;  -1532 ;   -238 ;    642 ;   -329 ;   -526 ;    -24 ;   -590 ;     10 ;      9 ;    157 ;   1076 ;   2542 ;      0 ;      0 ;
2016-12-08 03:50 ;    477 ;    499 ;    183 ;    121 ;   2832 ;    811 ;  -1532 ;   -241 ;    634 ;   -289 ;   -526 ;    -24 ;   -552 ;     11 ;     11 ;    156 ;   1072 ;   2571 ;      0 ;      0 ;
2016-12-08 03:55 ;    476 ;    497 ;    189 ;    118 ;   2814 ;    810 ;  -1532 ;   -256 ;    618 ;   -238 ;   -526 ;    -22 ;   -508 ;     10 ;      8 ;    157 ;   1071 ;   2553 ;      0 ;      0 ;
2016-12-08 04:00 ;    478 ;    497 ;    188 ;    113 ;   2823 ;    804 ;  -1531 ;   -263 ;    551 ;   -292 ;   -405 ;    -23 ;   -465 ;     11 ;     10 ;    156 ;   1077 ;   2549 ;      0 ;      0 ;
2016-12-08 04:05 ;    478 ;    496 ;    185 ;    114 ;   2773 ;    789 ;  -1531 ;   -267 ;    638 ;   -387 ;   -283 ;    -23 ;   -460 ;     10 ;     12 ;    158 ;   1071 ;   2491 ;      0 ;      0 ;
2016-12-08 04:10 ;    479 ;    514 ;    181 ;    113 ;   2647 ;    782 ;  -1533 ;   -276 ;    709 ;   -363 ;   -281 ;    -22 ;   -423 ;     11 ;     11 ;    165 ;   1060 ;   2369 ;      0 ;      0 ;
2016-12-08 04:15 ;    479 ;    512 ;    177 ;    110 ;   2612 ;    798 ;  -1533 ;   -286 ;    671 ;   -316 ;   -281 ;    -22 ;   -378 ;     11 ;      7 ;    165 ;   1070 ;   2340 ;      0 ;      0 ;
2016-12-08 04:20 ;    481 ;    514 ;    181 ;    113 ;   2614 ;    792 ;  -1531 ;   -290 ;    689 ;   -304 ;   -281 ;    -19 ;   -377 ;     11 ;     13 ;    165 ;   1067 ;   2340 ;      0 ;      0 ;
2016-12-08 04:25 ;    479 ;    509 ;    181 ;    117 ;   2608 ;    790 ;  -1533 ;   -290 ;    695 ;   -316 ;   -281 ;    -19 ;   -377 ;     11 ;     10 ;    165 ;   1069 ;   2329 ;      0 ;      0 ;
2016-12-08 04:30 ;    481 ;    508 ;    177 ;    119 ;   2626 ;    794 ;  -1534 ;   -290 ;    677 ;   -318 ;   -281 ;    -18 ;   -376 ;     11 ;     10 ;    164 ;   1066 ;   2353 ;      0 ;      0 ;
2016-12-08 04:35 ;    490 ;    508 ;    176 ;    120 ;   2607 ;    790 ;  -1532 ;   -289 ;    673 ;   -309 ;   -281 ;    -13 ;   -376 ;     11 ;     12 ;    166 ;   1065 ;   2332 ;      0 ;      0 ;
2016-12-08 04:40 ;    493 ;    504 ;    174 ;    119 ;   2626 ;    782 ;  -1532 ;   -290 ;    673 ;   -314 ;   -281 ;    -11 ;   -376 ;     11 ;     10 ;    165 ;   1067 ;   2342 ;      0 ;      0 ;
2016-12-08 04:45 ;    489 ;    505 ;    174 ;    119 ;   2642 ;    776 ;  -1532 ;   -289 ;    687 ;   -297 ;   -281 ;    -11 ;   -376 ;     11 ;      7 ;    164 ;   1060 ;   2358 ;      0 ;      0 ;
2016-12-08 04:50 ;    498 ;    504 ;    176 ;    118 ;   2630 ;    778 ;  -1532 ;   -289 ;    675 ;   -278 ;   -281 ;    -10 ;   -371 ;     11 ;     10 ;    166 ;   1065 ;   2343 ;      0 ;      0 ;
2016-12-08 04:55 ;    507 ;    504 ;    176 ;    115 ;   2636 ;    790 ;  -1532 ;   -290 ;    689 ;   -272 ;   -281 ;    -10 ;   -363 ;     11 ;      9 ;    166 ;   1069 ;   2356 ;      0 ;      0 ;
2016-12-08 05:00 ;    515 ;    503 ;    175 ;    111 ;   2832 ;    796 ;  -1531 ;   -323 ;    533 ;   -265 ;   -252 ;    -10 ;   -355 ;     10 ;     11 ;    159 ;   1074 ;   2554 ;      0 ;      0 ;
2016-12-08 05:05 ;    527 ;    516 ;    177 ;    111 ;   2846 ;    779 ;  -1531 ;   -362 ;    582 ;   -269 ;   -224 ;    -10 ;   -338 ;     11 ;     13 ;    162 ;   1076 ;   2550 ;      0 ;      0 ;
2016-12-08 05:10 ;    541 ;    520 ;    178 ;    111 ;   2828 ;    760 ;  -1531 ;   -366 ;    573 ;   -262 ;   -224 ;    -10 ;   -330 ;     11 ;     12 ;    165 ;   1073 ;   2515 ;      0 ;      0 ;
2016-12-08 05:15 ;    560 ;    516 ;    174 ;    111 ;   2831 ;    773 ;  -1531 ;   -366 ;    571 ;   -237 ;   -224 ;    -11 ;   -325 ;     11 ;     11 ;    166 ;   1067 ;   2537 ;      0 ;      0 ;
2016-12-08 05:20 ;    570 ;    518 ;    172 ;    111 ;   2824 ;    764 ;  -1531 ;   -366 ;    563 ;   -227 ;   -224 ;    -10 ;   -327 ;     11 ;      9 ;    167 ;   1063 ;   2525 ;      0 ;      0 ;
2016-12-08 05:25 ;    585 ;    517 ;    174 ;    110 ;   2792 ;    771 ;  -1531 ;   -366 ;    619 ;   -227 ;   -224 ;     -9 ;   -332 ;     10 ;     15 ;    170 ;   1060 ;   2503 ;      0 ;      0 ;
2016-12-08 05:30 ;    600 ;    519 ;    184 ;    109 ;   2802 ;    770 ;  -1532 ;   -366 ;    609 ;   -206 ;   -224 ;    -10 ;   -333 ;     11 ;     12 ;    172 ;   1059 ;   2513 ;      0 ;      0 ;
2016-12-08 05:35 ;    606 ;    516 ;    195 ;    108 ;   2783 ;    786 ;  -1531 ;   -365 ;    618 ;   -200 ;   -224 ;    -10 ;   -333 ;     11 ;     14 ;    173 ;   1062 ;   2507 ;      0 ;      0 ;
2016-12-08 05:40 ;    603 ;    514 ;    211 ;    107 ;   2783 ;    781 ;  -1531 ;   -366 ;    628 ;   -195 ;   -224 ;     -9 ;   -335 ;     11 ;     12 ;    173 ;   1063 ;   2500 ;      0 ;      0 ;
2016-12-08 05:45 ;    606 ;    512 ;    212 ;    106 ;   2759 ;    799 ;  -1531 ;   -367 ;    658 ;   -202 ;   -224 ;     -9 ;   -339 ;     11 ;     12 ;    173 ;   1072 ;   2486 ;      0 ;      0 ;
2016-12-08 05:50 ;    601 ;    516 ;    213 ;    107 ;   2797 ;    814 ;  -1437 ;   -453 ;    693 ;   -238 ;   -224 ;     -9 ;   -393 ;     11 ;     14 ;    172 ;   1067 ;   2544 ;      0 ;      0 ;
2016-12-08 05:55 ;    599 ;    514 ;    218 ;    108 ;   2760 ;    810 ;  -1335 ;   -580 ;    704 ;   -290 ;   -224 ;     -9 ;   -450 ;     10 ;      9 ;    173 ;   1067 ;   2502 ;      0 ;      0 ;
2016-12-08 06:00 ;    599 ;    512 ;    230 ;    109 ;   2869 ;    812 ;  -1241 ;   -704 ;    633 ;   -215 ;   -359 ;     -7 ;   -510 ;     11 ;     13 ;    169 ;   1085 ;   2597 ;      0 ;      0 ;
2016-12-08 06:05 ;    606 ;    519 ;    235 ;    111 ;   2900 ;    782 ;  -1134 ;   -708 ;    662 ;    -72 ;   -504 ;     -8 ;   -568 ;     10 ;     11 ;    171 ;   1080 ;   2602 ;      0 ;      0 ;
2016-12-08 06:10 ;    609 ;    525 ;    240 ;    116 ;   2893 ;    796 ;  -1031 ;   -707 ;    633 ;    -65 ;   -507 ;     -7 ;   -570 ;     10 ;     11 ;    172 ;   1076 ;   2612 ;      0 ;      0 ;
2016-12-08 06:15 ;    611 ;    536 ;    243 ;    117 ;   2909 ;    801 ;   -936 ;   -708 ;    619 ;    -57 ;   -507 ;     -7 ;   -569 ;     10 ;     12 ;    173 ;   1073 ;   2637 ;      0 ;      0 ;
2016-12-08 06:20 ;    611 ;    533 ;    245 ;    117 ;   3007 ;    808 ;   -933 ;   -707 ;    541 ;    -22 ;   -507 ;     -6 ;   -572 ;     10 ;     11 ;    170 ;   1185 ;   2629 ;      0 ;      0 ;
2016-12-08 06:25 ;    611 ;    544 ;    246 ;    117 ;   2978 ;    811 ;   -934 ;   -707 ;    595 ;    -22 ;   -507 ;     -5 ;   -572 ;     10 ;     13 ;    172 ;   1190 ;   2599 ;      0 ;      0 ;
2016-12-08 06:30 ;    610 ;    543 ;    246 ;    118 ;   2982 ;    818 ;   -934 ;   -706 ;    627 ;     20 ;   -507 ;     -4 ;   -575 ;     10 ;     12 ;    172 ;   1192 ;   2608 ;      0 ;      0 ;
2016-12-08 06:35 ;    611 ;    535 ;    248 ;    117 ;   2994 ;    817 ;   -932 ;   -706 ;    704 ;     15 ;   -507 ;     -3 ;   -581 ;     10 ;     10 ;    170 ;   1194 ;   2618 ;      0 ;      0 ;
2016-12-08 06:40 ;    612 ;    538 ;    251 ;    101 ;   2961 ;    823 ;   -934 ;   -703 ;    692 ;     71 ;   -507 ;     -1 ;   -582 ;     10 ;     11 ;    171 ;   1192 ;   2591 ;      0 ;      0 ;
2016-12-08 06:45 ;    621 ;    538 ;    254 ;    102 ;   2979 ;    819 ;   -933 ;   -704 ;    689 ;     82 ;   -507 ;     -1 ;   -584 ;     10 ;     13 ;    172 ;   1185 ;   2613 ;      0 ;      0 ;
2016-12-08 06:50 ;    650 ;    541 ;    251 ;    104 ;   2951 ;    817 ;   -861 ;   -704 ;    646 ;    118 ;   -507 ;     -2 ;   -569 ;     10 ;     12 ;    176 ;   1169 ;   2599 ;      0 ;      0 ;
2016-12-08 06:55 ;    683 ;    541 ;    264 ;    105 ;   2941 ;    822 ;   -836 ;   -702 ;    673 ;    144 ;   -507 ;     -1 ;   -573 ;     10 ;      9 ;    180 ;   1177 ;   2586 ;      0 ;      0 ;
2016-12-08 07:00 ;    711 ;    538 ;    269 ;    105 ;   2953 ;    815 ;   -746 ;   -701 ;    598 ;    191 ;   -546 ;      0 ;   -588 ;     10 ;     11 ;    183 ;   1174 ;   2595 ;      0 ;      0 ;
2016-12-08 07:05 ;    735 ;    539 ;    277 ;    105 ;   2771 ;    817 ;   -596 ;   -702 ;    604 ;    270 ;   -584 ;      1 ;   -593 ;     10 ;     11 ;    192 ;   1102 ;   2486 ;      0 ;      0 ;
2016-12-08 07:10 ;    767 ;    537 ;    270 ;    109 ;   2764 ;    809 ;   -519 ;   -695 ;    546 ;    294 ;   -585 ;      2 ;   -591 ;     10 ;     12 ;    195 ;   1098 ;   2475 ;      0 ;      0 ;
2016-12-08 07:15 ;    739 ;    547 ;    269 ;    117 ;   2764 ;    799 ;   -446 ;   -715 ;    572 ;    312 ;   -585 ;      2 ;   -593 ;     11 ;      9 ;    195 ;   1094 ;   2469 ;      0 ;      0 ;
2016-12-08 07:20 ;    753 ;    554 ;    268 ;    125 ;   2773 ;    797 ;   -441 ;   -716 ;    534 ;    300 ;   -585 ;      2 ;   -591 ;     10 ;     10 ;    197 ;   1086 ;   2484 ;      0 ;      0 ;
2016-12-08 07:25 ;    743 ;    545 ;    264 ;    135 ;   2809 ;    799 ;   -441 ;   -716 ;    560 ;    328 ;   -585 ;      4 ;   -591 ;     10 ;     10 ;    194 ;   1094 ;   2514 ;      0 ;      0 ;
2016-12-08 07:30 ;    754 ;    545 ;    255 ;    143 ;   2869 ;    775 ;   -442 ;   -717 ;    523 ;    319 ;   -585 ;      3 ;   -590 ;     10 ;     10 ;    194 ;   1095 ;   2549 ;      0 ;      0 ;
2016-12-08 07:35 ;    759 ;    553 ;    256 ;    152 ;   2971 ;    774 ;   -441 ;   -717 ;    509 ;    319 ;   -585 ;      4 ;   -590 ;     10 ;     11 ;    192 ;   1182 ;   2563 ;      0 ;      0 ;
2016-12-08 07:40 ;    761 ;    567 ;    245 ;    158 ;   2993 ;    779 ;   -441 ;   -716 ;    553 ;    289 ;   -585 ;      4 ;   -591 ;     10 ;     13 ;    193 ;   1187 ;   2585 ;      0 ;      0 ;
2016-12-08 07:45 ;    757 ;    574 ;    249 ;    163 ;   2959 ;    796 ;   -441 ;   -716 ;    564 ;    311 ;   -585 ;      4 ;   -591 ;     10 ;     11 ;    194 ;   1185 ;   2570 ;      0 ;      0 ;
2016-12-08 07:50 ;    756 ;    583 ;    255 ;    167 ;   2958 ;    778 ;   -403 ;   -717 ;    539 ;    332 ;   -585 ;      3 ;   -574 ;     10 ;     13 ;    195 ;   1177 ;   2558 ;      0 ;      0 ;
2016-12-08 07:55 ;    769 ;    579 ;    268 ;    168 ;   2947 ;    782 ;   -364 ;   -720 ;    542 ;    338 ;   -585 ;      4 ;   -576 ;     10 ;      9 ;    197 ;   1166 ;   2563 ;      0 ;      0 ;
2016-12-08 08:00 ;    745 ;    575 ;    275 ;    169 ;   2851 ;    787 ;   -221 ;   -724 ;    585 ;    352 ;   -585 ;      4 ;   -585 ;     10 ;     10 ;    198 ;   1162 ;   2475 ;      0 ;      0 ;
2016-12-08 08:05 ;    718 ;    570 ;    268 ;    170 ;   2858 ;    786 ;   -176 ;   -731 ;    587 ;    364 ;   -585 ;      3 ;   -587 ;     10 ;     12 ;    194 ;   1158 ;   2486 ;      0 ;      0 ;
2016-12-08 08:10 ;    709 ;    581 ;    265 ;    172 ;   2852 ;    783 ;   -138 ;   -736 ;    562 ;    378 ;   -585 ;      4 ;   -587 ;     10 ;     11 ;    194 ;   1162 ;   2473 ;      0 ;      0 ;
2016-12-08 08:15 ;    712 ;    581 ;    262 ;    171 ;   2840 ;    777 ;   -100 ;   -740 ;    563 ;    365 ;   -585 ;      4 ;   -591 ;     11 ;     11 ;    195 ;   1169 ;   2448 ;      0 ;      0 ;
2016-12-08 08:20 ;    725 ;    592 ;    265 ;    172 ;   2801 ;    784 ;    -98 ;   -740 ;    615 ;    359 ;   -585 ;      3 ;   -591 ;     10 ;     10 ;    198 ;   1135 ;   2449 ;      0 ;      0 ;
2016-12-08 08:25 ;    744 ;    599 ;    272 ;    170 ;   2749 ;    776 ;    -99 ;   -740 ;    606 ;    358 ;   -585 ;      3 ;   -591 ;     10 ;     12 ;    203 ;   1070 ;   2456 ;      0 ;      0 ;
2016-12-08 08:30 ;    768 ;    609 ;    278 ;    172 ;   2737 ;    783 ;    -96 ;   -740 ;    572 ;    357 ;   -585 ;      4 ;   -590 ;     10 ;     12 ;    206 ;   1068 ;   2452 ;      0 ;      0 ;
2016-12-08 08:35 ;    776 ;    608 ;    276 ;    173 ;   2751 ;    782 ;    -97 ;   -739 ;    574 ;    355 ;   -585 ;      4 ;   -591 ;     11 ;      9 ;    206 ;   1068 ;   2465 ;      0 ;      0 ;
2016-12-08 08:40 ;    774 ;    610 ;    275 ;    173 ;   2763 ;    788 ;    -97 ;   -740 ;    592 ;    362 ;   -585 ;      4 ;   -590 ;     11 ;     11 ;    205 ;   1071 ;   2480 ;      0 ;      0 ;
2016-12-08 08:45 ;    767 ;    611 ;    326 ;    172 ;   2745 ;    792 ;    -99 ;   -740 ;    577 ;    371 ;   -585 ;      4 ;   -590 ;     11 ;     14 ;    207 ;   1064 ;   2473 ;      0 ;      0 ;
2016-12-08 08:50 ;    747 ;    616 ;    298 ;    170 ;   2731 ;    786 ;    -99 ;   -739 ;    598 ;    363 ;   -585 ;      4 ;   -590 ;     10 ;     13 ;    205 ;   1071 ;   2446 ;      0 ;      0 ;
2016-12-08 08:55 ;    745 ;    609 ;    221 ;    177 ;   1095 ;    676 ;    -95 ;   -740 ;    544 ;    366 ;   -585 ;      3 ;   -589 ;     10 ;     12 ;    303 ;   1069 ;    702 ;      1 ;      0 ;
2016-12-08 09:00 ;    737 ;    615 ;    301 ;    171 ;   2679 ;    780 ;    -94 ;   -740 ;    577 ;    360 ;   -585 ;      2 ;   -590 ;     10 ;     11 ;    206 ;   1065 ;   2395 ;      1 ;      0 ;
2016-12-08 09:05 ;    722 ;    617 ;    294 ;    173 ;   2686 ;    772 ;    -94 ;   -740 ;    603 ;    351 ;   -585 ;      2 ;   -590 ;     10 ;      9 ;    205 ;   1071 ;   2387 ;      2 ;      0 ;
2016-12-08 09:10 ;    708 ;    616 ;    295 ;    172 ;   2661 ;    776 ;    -93 ;   -739 ;    606 ;    353 ;   -585 ;      2 ;   -590 ;     10 ;      8 ;    205 ;   1054 ;   2384 ;      2 ;      0 ;
2016-12-08 09:15 ;    667 ;    604 ;    306 ;    170 ;   2645 ;    787 ;    -90 ;   -741 ;    613 ;    349 ;   -585 ;      3 ;   -590 ;     10 ;     11 ;    199 ;   1055 ;   2377 ;      3 ;      0 ;
2016-12-08 09:20 ;    650 ;    595 ;    321 ;    170 ;   2634 ;    774 ;    -90 ;   -740 ;    594 ;    385 ;   -585 ;      3 ;   -590 ;     10 ;     10 ;    197 ;   1057 ;   2351 ;      4 ;      0 ;
2016-12-08 09:25 ;    658 ;    586 ;    321 ;    170 ;   2639 ;    782 ;    -90 ;   -740 ;    615 ;    391 ;   -585 ;      2 ;   -590 ;     10 ;     12 ;    196 ;   1058 ;   2362 ;      5 ;      1 ;
2016-12-08 09:30 ;    652 ;    588 ;    321 ;    172 ;   2658 ;    791 ;    -90 ;   -740 ;    603 ;    406 ;   -585 ;      3 ;   -590 ;     10 ;      7 ;    194 ;   1067 ;   2381 ;      6 ;      1 ;
2016-12-08 09:35 ;    679 ;    591 ;    318 ;    170 ;   2669 ;    780 ;    -91 ;   -740 ;    574 ;    391 ;   -585 ;      3 ;   -589 ;     10 ;     12 ;    196 ;   1071 ;   2377 ;      7 ;      1 ;
2016-12-08 09:40 ;    685 ;    599 ;    319 ;    169 ;   2657 ;    778 ;    -91 ;   -741 ;    611 ;    370 ;   -585 ;      3 ;   -590 ;     10 ;     12 ;    197 ;   1078 ;   2357 ;      8 ;      2 ;
2016-12-08 09:45 ;    696 ;    601 ;    318 ;    170 ;   2653 ;    783 ;    -91 ;   -740 ;    604 ;    373 ;   -585 ;      3 ;   -590 ;     10 ;      9 ;    198 ;   1077 ;   2360 ;     10 ;      2 ;
2016-12-08 09:50 ;    692 ;    597 ;    318 ;    170 ;   2611 ;    775 ;    -91 ;   -740 ;    609 ;    374 ;   -585 ;      4 ;   -590 ;     10 ;     10 ;    199 ;   1070 ;   2316 ;     12 ;      3 ;
2016-12-08 09:55 ;    717 ;    592 ;    319 ;    170 ;   2619 ;    787 ;    -88 ;   -739 ;    598 ;    388 ;   -585 ;      5 ;   -590 ;     10 ;     12 ;    201 ;   1071 ;   2335 ;     13 ;      3 ;
2016-12-08 10:00 ;    716 ;    588 ;    305 ;    169 ;   2632 ;    775 ;    -90 ;   -739 ;    483 ;    338 ;   -556 ;      5 ;   -591 ;     10 ;     10 ;    200 ;   1069 ;   2338 ;     16 ;      4 ;
2016-12-08 10:05 ;    705 ;    586 ;    299 ;    169 ;   2761 ;    791 ;    -88 ;   -740 ;    441 ;    338 ;   -526 ;      4 ;   -590 ;     10 ;      9 ;    193 ;   1133 ;   2419 ;     19 ;      4 ;
2016-12-08 10:10 ;    699 ;    600 ;    294 ;    170 ;   2755 ;    792 ;    -88 ;   -739 ;    387 ;    328 ;   -525 ;      4 ;   -590 ;     10 ;      8 ;    194 ;   1135 ;   2411 ;     20 ;      4 ;
2016-12-08 10:15 ;    704 ;    607 ;    298 ;    172 ;   2750 ;    777 ;    -88 ;   -740 ;    392 ;    292 ;   -525 ;      3 ;   -590 ;     10 ;      9 ;    196 ;   1136 ;   2392 ;     23 ;      4 ;
2016-12-08 10:20 ;    694 ;    595 ;    303 ;    172 ;   2780 ;    778 ;    -88 ;   -739 ;    389 ;    295 ;   -525 ;      4 ;   -590 ;     10 ;     11 ;    194 ;   1148 ;   2410 ;     24 ;      5 ;
2016-12-08 10:25 ;    695 ;    583 ;    294 ;    171 ;   2778 ;    794 ;    -88 ;   -740 ;    412 ;    314 ;   -525 ;      4 ;   -590 ;     10 ;     11 ;    192 ;   1155 ;   2417 ;     27 ;      5 ;
2016-12-08 10:30 ;    697 ;    577 ;    296 ;    172 ;   2785 ;    798 ;    -87 ;   -740 ;    394 ;    321 ;   -525 ;      3 ;   -590 ;     10 ;     11 ;    190 ;   1157 ;   2426 ;     31 ;      6 ;
2016-12-08 10:35 ;    717 ;    580 ;    302 ;    171 ;   2784 ;    803 ;    -88 ;   -740 ;    405 ;    310 ;   -525 ;      3 ;   -590 ;     10 ;     12 ;    192 ;   1136 ;   2452 ;     35 ;      7 ;
2016-12-08 10:40 ;    730 ;    574 ;    303 ;    173 ;   2805 ;    803 ;    -88 ;   -741 ;    381 ;    311 ;   -525 ;      2 ;   -590 ;     10 ;     10 ;    193 ;   1151 ;   2458 ;     35 ;      8 ;
2016-12-08 10:45 ;    744 ;    586 ;    299 ;    171 ;   2794 ;    801 ;    -86 ;   -740 ;    407 ;    302 ;   -525 ;      3 ;   -591 ;     10 ;      8 ;    195 ;   1154 ;   2441 ;     38 ;      9 ;
2016-12-08 10:50 ;    734 ;    588 ;    298 ;    174 ;   2758 ;    811 ;    -88 ;   -741 ;    395 ;    287 ;   -525 ;      2 ;   -591 ;     10 ;     11 ;    196 ;   1130 ;   2439 ;     42 ;      9 ;
2016-12-08 10:55 ;    738 ;    586 ;    309 ;    171 ;   2754 ;    810 ;    -87 ;   -741 ;    390 ;    299 ;   -525 ;      2 ;   -590 ;     10 ;      7 ;    196 ;   1121 ;   2444 ;     45 ;      9 ;
2016-12-08 11:00 ;    785 ;    575 ;    337 ;    172 ;   2754 ;    808 ;    -90 ;   -740 ;    244 ;    260 ;   -482 ;      2 ;   -590 ;     10 ;     11 ;    201 ;   1114 ;   2449 ;     46 ;     10 ;
2016-12-08 11:05 ;    816 ;    572 ;    353 ;    172 ;   2744 ;    807 ;     53 ;   -741 ;    -12 ;    221 ;   -434 ;      2 ;   -590 ;     10 ;     10 ;    205 ;   1113 ;   2439 ;     48 ;      9 ;
2016-12-08 11:10 ;    825 ;    566 ;    381 ;    170 ;   2727 ;    816 ;     71 ;   -740 ;    -59 ;    209 ;   -434 ;      2 ;   -590 ;     10 ;     10 ;    207 ;   1114 ;   2428 ;     50 ;      8 ;
2016-12-08 11:15 ;    811 ;    561 ;    393 ;    171 ;   2749 ;    813 ;     71 ;   -740 ;    -37 ;    225 ;   -434 ;      2 ;   -590 ;     10 ;     10 ;    206 ;   1117 ;   2445 ;     53 ;      8 ;
2016-12-08 11:20 ;    829 ;    561 ;    387 ;    174 ;   2733 ;    814 ;     70 ;   -740 ;    -21 ;    216 ;   -434 ;      2 ;   -590 ;     10 ;     12 ;    208 ;   1106 ;   2440 ;     56 ;      8 ;
2016-12-08 11:25 ;    819 ;    560 ;    390 ;    176 ;   2720 ;    812 ;     70 ;   -740 ;    -23 ;    227 ;   -434 ;      3 ;   -590 ;     10 ;     11 ;    208 ;   1106 ;   2426 ;     59 ;      9 ;
2016-12-08 11:30 ;    812 ;    551 ;    389 ;    175 ;   2710 ;    818 ;     70 ;   -740 ;    -30 ;    248 ;   -434 ;      3 ;   -590 ;     10 ;     14 ;    207 ;   1098 ;   2430 ;     59 ;     10 ;
2016-12-08 11:35 ;    802 ;    543 ;    387 ;    172 ;   2741 ;    798 ;     53 ;   -740 ;    -14 ;    237 ;   -434 ;      2 ;   -590 ;     10 ;     10 ;    205 ;   1107 ;   2432 ;     59 ;     10 ;
2016-12-08 11:40 ;    786 ;    537 ;    387 ;    172 ;   2727 ;    796 ;     31 ;   -740 ;     -5 ;    250 ;   -434 ;      3 ;   -590 ;     10 ;      9 ;    203 ;   1093 ;   2430 ;     57 ;     10 ;
2016-12-08 11:45 ;    776 ;    517 ;    394 ;    173 ;   2708 ;    787 ;     31 ;   -741 ;    -23 ;    277 ;   -434 ;      2 ;   -591 ;     10 ;     13 ;    201 ;   1091 ;   2404 ;     57 ;     11 ;
2016-12-08 11:50 ;    772 ;    512 ;    396 ;    174 ;   2712 ;    783 ;     26 ;   -740 ;    -18 ;    281 ;   -434 ;      3 ;   -591 ;     10 ;     13 ;    201 ;   1092 ;   2403 ;     59 ;     12 ;
2016-12-08 11:55 ;    742 ;    503 ;    396 ;    174 ;   2710 ;    788 ;      2 ;   -740 ;    -16 ;    303 ;   -434 ;      2 ;   -590 ;     10 ;      9 ;    197 ;   1095 ;   2402 ;     61 ;     13 ;
2016-12-08 12:00 ;    745 ;    497 ;    392 ;    172 ;   2706 ;    772 ;     -2 ;   -741 ;    -12 ;    302 ;   -434 ;      2 ;   -590 ;     10 ;     11 ;    197 ;   1097 ;   2380 ;     65 ;     13 ;
2016-12-08 12:05 ;    755 ;    486 ;    391 ;    171 ;   2715 ;    762 ;     -2 ;   -740 ;    -13 ;    316 ;   -434 ;      2 ;   -591 ;     10 ;      9 ;    197 ;   1119 ;   2359 ;     65 ;     14 ;
2016-12-08 12:10 ;    752 ;    492 ;    397 ;    171 ;   2697 ;    758 ;     -1 ;   -739 ;    -16 ;    316 ;   -434 ;      1 ;   -589 ;     11 ;      9 ;    199 ;   1119 ;   2336 ;     64 ;     14 ;
2016-12-08 12:15 ;    755 ;    492 ;    396 ;    172 ;   2692 ;    741 ;     -1 ;   -739 ;     -1 ;    316 ;   -434 ;      1 ;   -591 ;     10 ;     11 ;    200 ;   1119 ;   2313 ;     64 ;     15 ;
2016-12-08 12:20 ;    766 ;    495 ;    392 ;    173 ;   2686 ;    730 ;      0 ;   -741 ;    -22 ;    310 ;   -434 ;      1 ;   -591 ;     10 ;     13 ;    202 ;   1115 ;   2300 ;     63 ;     15 ;
2016-12-08 12:25 ;    763 ;    486 ;    391 ;    173 ;   2667 ;    727 ;     22 ;   -740 ;    -46 ;    316 ;   -434 ;      2 ;   -590 ;     10 ;     11 ;    201 ;   1125 ;   2270 ;     62 ;     16 ;
2016-12-08 12:30 ;    770 ;    474 ;    392 ;    173 ;   2693 ;    721 ;     56 ;   -740 ;    -60 ;    346 ;   -434 ;     -2 ;   -590 ;     10 ;      9 ;    200 ;   1129 ;   2285 ;     62 ;     16 ;
2016-12-08 12:35 ;    768 ;    471 ;    390 ;    171 ;   2661 ;    705 ;     57 ;   -741 ;    -20 ;    377 ;   -434 ;     -2 ;   -590 ;     10 ;     10 ;    201 ;   1112 ;   2254 ;     63 ;     15 ;
2016-12-08 12:40 ;    776 ;    471 ;    392 ;    172 ;   2644 ;    684 ;     70 ;   -740 ;    -26 ;    366 ;   -434 ;     -4 ;   -590 ;     10 ;     12 ;    203 ;   1114 ;   2214 ;     61 ;     14 ;
2016-12-08 12:45 ;    765 ;    477 ;    388 ;    174 ;   2660 ;    674 ;     69 ;   -740 ;    -26 ;    377 ;   -434 ;     -4 ;   -591 ;     10 ;     10 ;    203 ;   1125 ;   2209 ;     59 ;     14 ;
2016-12-08 12:50 ;    837 ;    486 ;    386 ;    174 ;   2671 ;    667 ;     90 ;   -740 ;    -47 ;    366 ;   -434 ;     -5 ;   -591 ;     10 ;     12 ;    201 ;   1154 ;   2184 ;     60 ;     16 ;
2016-12-08 12:55 ;    828 ;    487 ;    387 ;    173 ;   2691 ;    673 ;     90 ;   -740 ;    -23 ;    375 ;   -434 ;     -6 ;   -590 ;     10 ;      9 ;    199 ;   1167 ;   2197 ;     58 ;     16 ;
2016-12-08 13:00 ;    828 ;    489 ;    391 ;    173 ;   2675 ;    675 ;     90 ;   -741 ;    -18 ;    446 ;   -507 ;     -5 ;   -590 ;     10 ;      7 ;    201 ;   1170 ;   2180 ;     55 ;     17 ;
2016-12-08 13:05 ;    827 ;    490 ;    391 ;    175 ;   2656 ;    675 ;    109 ;   -740 ;    -38 ;    518 ;   -585 ;     -6 ;   -590 ;     10 ;      6 ;    202 ;   1166 ;   2164 ;     55 ;     17 ;
2016-12-08 13:10 ;    825 ;    488 ;    388 ;    175 ;   2607 ;    676 ;    129 ;   -740 ;    -33 ;    521 ;   -585 ;     -7 ;   -590 ;     10 ;      9 ;    203 ;   1158 ;   2125 ;     54 ;     18 ;
2016-12-08 13:15 ;    850 ;    489 ;    389 ;    177 ;   2603 ;    669 ;    149 ;   -740 ;    -35 ;    513 ;   -585 ;     -7 ;   -590 ;     10 ;      8 ;    206 ;   1128 ;   2144 ;     52 ;     17 ;
2016-12-08 13:20 ;    874 ;    486 ;    387 ;    176 ;   2557 ;    652 ;    148 ;   -740 ;    -34 ;    542 ;   -585 ;     -6 ;   -591 ;     10 ;      9 ;    211 ;   1111 ;   2099 ;     49 ;     16 ;
2016-12-08 13:25 ;    892 ;    485 ;    387 ;    175 ;   2518 ;    648 ;    182 ;   -739 ;    -24 ;    560 ;   -585 ;     -7 ;   -589 ;     10 ;      6 ;    214 ;   1109 ;   2057 ;     45 ;     15 ;
2016-12-08 13:30 ;    881 ;    489 ;    388 ;    176 ;   2500 ;    645 ;    220 ;   -741 ;    -54 ;    551 ;   -585 ;     -7 ;   -590 ;     10 ;      8 ;    215 ;   1103 ;   2043 ;     42 ;     14 ;
2016-12-08 13:35 ;    878 ;    498 ;    390 ;    175 ;   2484 ;    629 ;    248 ;   -739 ;    -48 ;    566 ;   -585 ;     -8 ;   -591 ;     10 ;      7 ;    217 ;   1095 ;   2017 ;     39 ;     13 ;
2016-12-08 13:40 ;    869 ;    504 ;    390 ;    173 ;   2474 ;    621 ;    249 ;   -740 ;    -17 ;    553 ;   -585 ;     -7 ;   -591 ;     10 ;      6 ;    218 ;   1111 ;   1985 ;     37 ;     13 ;
2016-12-08 13:45 ;    867 ;    503 ;    391 ;    172 ;   2453 ;    606 ;    297 ;   -741 ;    -27 ;    561 ;   -585 ;     -8 ;   -591 ;     10 ;      5 ;    219 ;   1111 ;   1948 ;     35 ;     11 ;
2016-12-08 13:50 ;    864 ;    503 ;    383 ;    174 ;   2405 ;    596 ;    299 ;   -741 ;      0 ;    572 ;   -585 ;    -10 ;   -591 ;     10 ;      8 ;    221 ;   1086 ;   1915 ;     33 ;     11 ;
2016-12-08 13:55 ;    871 ;    500 ;    382 ;    173 ;   2345 ;    604 ;    290 ;   -739 ;      6 ;    573 ;   -585 ;    -10 ;   -590 ;     10 ;      7 ;    224 ;   1072 ;   1877 ;     29 ;     10 ;
2016-12-08 14:00 ;    874 ;    500 ;    380 ;    173 ;   2327 ;    621 ;    291 ;   -739 ;     49 ;    575 ;   -585 ;    -11 ;   -590 ;     10 ;      5 ;    224 ;   1053 ;   1895 ;     26 ;      9 ;
2016-12-08 14:05 ;    874 ;    500 ;    380 ;    175 ;   2272 ;    634 ;    290 ;   -740 ;     70 ;    558 ;   -585 ;    -11 ;   -591 ;     10 ;      7 ;    226 ;   1052 ;   1854 ;     24 ;      7 ;
2016-12-08 14:10 ;    878 ;    500 ;    380 ;    175 ;   2300 ;    642 ;    401 ;   -740 ;    -31 ;    551 ;   -585 ;    -10 ;   -591 ;     10 ;      6 ;    225 ;   1086 ;   1857 ;     22 ;      7 ;
2016-12-08 14:15 ;    875 ;    503 ;    380 ;    175 ;   2243 ;    654 ;    525 ;   -739 ;    -85 ;    516 ;   -585 ;    -11 ;   -590 ;      9 ;      6 ;    227 ;   1086 ;   1812 ;     19 ;      6 ;
2016-12-08 14:20 ;    871 ;    505 ;    385 ;    176 ;   2218 ;    679 ;    525 ;   -741 ;    -16 ;    539 ;   -585 ;    -11 ;   -590 ;     10 ;      5 ;    228 ;   1070 ;   1827 ;     18 ;      6 ;
2016-12-08 14:25 ;    870 ;    501 ;    381 ;    177 ;   2189 ;    687 ;    576 ;   -740 ;    -30 ;    520 ;   -585 ;    -10 ;   -590 ;      9 ;      7 ;    228 ;   1053 ;   1824 ;     16 ;      5 ;
2016-12-08 14:30 ;    875 ;    504 ;    381 ;    177 ;   2137 ;    685 ;    630 ;   -740 ;    -52 ;    521 ;   -585 ;    -11 ;   -590 ;      9 ;      7 ;    231 ;   1051 ;   1771 ;     14 ;      5 ;
2016-12-08 14:35 ;    881 ;    518 ;    385 ;    178 ;   2073 ;    676 ;    681 ;   -740 ;    -53 ;    538 ;   -585 ;    -10 ;   -590 ;     10 ;      8 ;    238 ;   1046 ;   1703 ;     12 ;      4 ;
2016-12-08 14:40 ;    882 ;    519 ;    383 ;    177 ;   2001 ;    657 ;    681 ;   -740 ;     13 ;    519 ;   -585 ;    -10 ;   -590 ;      9 ;      7 ;    243 ;   1031 ;   1627 ;     11 ;      4 ;
2016-12-08 14:45 ;    866 ;    517 ;    384 ;    177 ;   1997 ;    662 ;    703 ;   -741 ;    -21 ;    537 ;   -585 ;    -10 ;   -590 ;      9 ;      7 ;    241 ;   1051 ;   1608 ;     10 ;      3 ;
2016-12-08 14:50 ;    847 ;    518 ;    382 ;    177 ;   1976 ;    637 ;    723 ;   -740 ;    -29 ;    560 ;   -585 ;    -10 ;   -590 ;      9 ;      4 ;    241 ;   1061 ;   1552 ;      9 ;      3 ;
2016-12-08 14:55 ;    859 ;    517 ;    387 ;    177 ;   1953 ;    631 ;    725 ;   -741 ;    -62 ;    587 ;   -585 ;     -9 ;   -533 ;      9 ;      3 ;    244 ;   1059 ;   1525 ;      7 ;      2 ;
2016-12-08 15:00 ;    847 ;    524 ;    386 ;    176 ;   1925 ;    645 ;    839 ;   -740 ;    -73 ;    591 ;   -585 ;     -9 ;   -532 ;     10 ;      3 ;    243 ;   1063 ;   1507 ;      6 ;      2 ;
2016-12-08 15:05 ;    829 ;    523 ;    399 ;    176 ;   1886 ;    651 ;    895 ;   -739 ;    -49 ;    585 ;   -585 ;     -9 ;   -532 ;      9 ;      3 ;    239 ;   1070 ;   1467 ;      4 ;      1 ;
2016-12-08 15:10 ;    837 ;    527 ;    398 ;    177 ;   1806 ;    660 ;    895 ;   -741 ;      4 ;    583 ;   -585 ;     -9 ;   -532 ;      9 ;      4 ;    242 ;   1056 ;   1411 ;      3 ;      1 ;
2016-12-08 15:15 ;    849 ;    521 ;    402 ;    177 ;   1704 ;    650 ;    981 ;   -740 ;    -19 ;    577 ;   -585 ;    -10 ;   -532 ;      9 ;      4 ;    246 ;    995 ;   1359 ;      2 ;      1 ;
2016-12-08 15:20 ;    861 ;    523 ;    402 ;    178 ;   1635 ;    672 ;    985 ;   -741 ;    -12 ;    565 ;   -585 ;    -10 ;   -532 ;      9 ;      6 ;    250 ;    992 ;   1314 ;      2 ;      0 ;
2016-12-08 15:25 ;    861 ;    526 ;    403 ;    175 ;   1608 ;    651 ;    974 ;   -741 ;     28 ;    608 ;   -585 ;     -9 ;   -532 ;      9 ;      5 ;    249 ;   1012 ;   1247 ;      1 ;      0 ;
2016-12-08 15:30 ;    871 ;    527 ;    401 ;    175 ;   1535 ;    646 ;   1076 ;   -740 ;     26 ;    626 ;   -585 ;     -9 ;   -535 ;      9 ;      5 ;    248 ;    993 ;   1188 ;      1 ;      0 ;
2016-12-08 15:35 ;    857 ;    526 ;    400 ;    175 ;   1432 ;    657 ;   1078 ;   -740 ;    176 ;    532 ;   -585 ;     -9 ;   -587 ;      9 ;      5 ;    248 ;    957 ;   1132 ;      0 ;      0 ;
2016-12-08 15:40 ;    844 ;    532 ;    403 ;    175 ;   1378 ;    657 ;   1080 ;   -741 ;    270 ;    539 ;   -585 ;    -10 ;   -590 ;      9 ;      5 ;    245 ;    942 ;   1093 ;      0 ;      0 ;
2016-12-08 15:45 ;    857 ;    535 ;    416 ;    175 ;   1363 ;    649 ;   1079 ;   -740 ;    191 ;    633 ;   -585 ;    -10 ;   -494 ;      9 ;      5 ;    248 ;    954 ;   1058 ;      0 ;      0 ;
2016-12-08 15:50 ;    849 ;    528 ;    428 ;    177 ;   1344 ;    641 ;   1080 ;   -739 ;    198 ;    671 ;   -585 ;    -10 ;   -487 ;      9 ;      5 ;    245 ;    966 ;   1018 ;      0 ;      0 ;
2016-12-08 15:55 ;    872 ;    515 ;    443 ;    177 ;   1356 ;    641 ;   1080 ;   -740 ;    193 ;    693 ;   -585 ;    -10 ;   -488 ;      9 ;      6 ;    245 ;    981 ;   1015 ;      0 ;      0 ;
2016-12-08 16:00 ;    903 ;    508 ;    444 ;    175 ;   1339 ;    636 ;   1074 ;   -740 ;    197 ;    731 ;   -585 ;    -10 ;   -483 ;      9 ;      6 ;    246 ;   1006 ;    969 ;      0 ;      0 ;
2016-12-08 16:05 ;    912 ;    510 ;    446 ;    176 ;   1338 ;    652 ;   1213 ;   -741 ;     74 ;    739 ;   -585 ;    -10 ;   -482 ;      9 ;      5 ;    246 ;   1022 ;    967 ;      0 ;      0 ;
2016-12-08 16:10 ;    916 ;    516 ;    450 ;    177 ;   1294 ;    635 ;   1323 ;   -740 ;    -21 ;    754 ;   -585 ;    -10 ;   -482 ;      9 ;      5 ;    249 ;   1023 ;    907 ;      0 ;      0 ;
2016-12-08 16:15 ;    915 ;    523 ;    451 ;    177 ;   1290 ;    616 ;   1324 ;   -740 ;      3 ;    758 ;   -585 ;    -11 ;   -483 ;      9 ;      6 ;    249 ;   1029 ;    877 ;      0 ;      0 ;
2016-12-08 16:20 ;    909 ;    524 ;    449 ;    176 ;   1297 ;    595 ;   1329 ;   -740 ;    -36 ;    859 ;   -585 ;    -10 ;   -420 ;      9 ;      6 ;    247 ;   1034 ;    858 ;      0 ;      0 ;
2016-12-08 16:25 ;    918 ;    538 ;    452 ;    176 ;   1313 ;    578 ;   1332 ;   -740 ;     31 ;    873 ;   -585 ;    -10 ;   -416 ;      8 ;      6 ;    245 ;   1025 ;    866 ;      0 ;      0 ;
2016-12-08 16:30 ;    902 ;    540 ;    451 ;    175 ;   1319 ;    570 ;   1396 ;   -740 ;    -59 ;    888 ;   -585 ;    -10 ;   -416 ;      8 ;      6 ;    245 ;   1026 ;    863 ;      0 ;      0 ;
2016-12-08 16:35 ;    891 ;    539 ;    452 ;    174 ;   1333 ;    567 ;   1404 ;   -740 ;    -25 ;    917 ;   -585 ;    -10 ;   -417 ;      8 ;      6 ;    239 ;   1052 ;    848 ;      0 ;      0 ;
2016-12-08 16:40 ;    883 ;    538 ;    452 ;    174 ;   1343 ;    538 ;   1404 ;   -740 ;      2 ;    911 ;   -585 ;     -9 ;   -414 ;      8 ;      6 ;    239 ;   1057 ;    824 ;      0 ;      0 ;
2016-12-08 16:45 ;    870 ;    540 ;    450 ;    177 ;   1332 ;    509 ;   1404 ;   -740 ;     -8 ;   1008 ;   -585 ;    -10 ;   -376 ;      8 ;      6 ;    235 ;   1032 ;    809 ;      0 ;      0 ;
2016-12-08 16:50 ;    890 ;    537 ;    454 ;    178 ;   1337 ;    466 ;   1403 ;   -740 ;    -15 ;   1058 ;   -585 ;    -10 ;   -371 ;      9 ;      6 ;    237 ;   1009 ;    793 ;      0 ;      0 ;
2016-12-08 16:55 ;    928 ;    536 ;    453 ;    177 ;   1295 ;    432 ;   1405 ;   -740 ;    -35 ;   1105 ;   -585 ;     -9 ;   -367 ;      8 ;      5 ;    243 ;    976 ;    751 ;      0 ;      0 ;
2016-12-08 17:00 ;   1010 ;    534 ;    450 ;    176 ;   1283 ;    410 ;   1405 ;   -739 ;    -60 ;   1134 ;   -585 ;     -7 ;   -367 ;      8 ;      6 ;    252 ;    947 ;    746 ;      0 ;      0 ;
2016-12-08 17:05 ;   1040 ;    535 ;    442 ;    176 ;   1260 ;    399 ;   1526 ;   -741 ;    -83 ;   1174 ;   -585 ;     -8 ;   -358 ;      9 ;      5 ;    250 ;    920 ;    738 ;      0 ;      0 ;
2016-12-08 17:10 ;   1051 ;    533 ;    442 ;    176 ;   1240 ;    383 ;   1533 ;   -741 ;    -64 ;   1233 ;   -585 ;     -8 ;   -334 ;      8 ;      4 ;    249 ;    893 ;    729 ;      0 ;      0 ;
2016-12-08 17:15 ;   1041 ;    529 ;    442 ;    177 ;   1210 ;    353 ;   1533 ;   -740 ;    -55 ;   1287 ;   -585 ;     -9 ;   -325 ;      8 ;      5 ;    248 ;    847 ;    716 ;      0 ;      0 ;
2016-12-08 17:20 ;   1027 ;    515 ;    444 ;    176 ;   1187 ;    349 ;   1532 ;   -741 ;    -25 ;   1330 ;   -585 ;     -9 ;   -324 ;      8 ;      6 ;    243 ;    813 ;    723 ;      0 ;      0 ;
2016-12-08 17:25 ;   1016 ;    520 ;    447 ;    176 ;   1210 ;    349 ;   1531 ;   -740 ;    -52 ;   1330 ;   -585 ;     -8 ;   -324 ;      8 ;      6 ;    242 ;    817 ;    741 ;      0 ;      0 ;
2016-12-08 17:30 ;   1014 ;    521 ;    444 ;    177 ;   1180 ;    346 ;   1532 ;   -741 ;      5 ;   1288 ;   -585 ;     -8 ;   -373 ;      8 ;      6 ;    243 ;    776 ;    750 ;      0 ;      0 ;
2016-12-08 17:35 ;   1032 ;    539 ;    440 ;    177 ;   1159 ;    356 ;   1533 ;   -740 ;      5 ;   1217 ;   -585 ;     -9 ;   -426 ;      8 ;      7 ;    249 ;    741 ;    775 ;      0 ;      0 ;
2016-12-08 17:40 ;   1043 ;    550 ;    441 ;    177 ;   1166 ;    362 ;   1532 ;   -733 ;    -28 ;   1159 ;   -585 ;     -9 ;   -426 ;      8 ;      7 ;    255 ;    719 ;    810 ;      0 ;      0 ;
2016-12-08 17:45 ;   1049 ;    562 ;    444 ;    176 ;   1149 ;    373 ;   1531 ;   -731 ;    -24 ;   1157 ;   -585 ;     -9 ;   -426 ;      8 ;      8 ;    257 ;    719 ;    802 ;      0 ;      0 ;
2016-12-08 17:50 ;   1054 ;    565 ;    446 ;    174 ;   1154 ;    408 ;   1531 ;   -733 ;    -35 ;   1096 ;   -585 ;    -10 ;   -426 ;      8 ;      8 ;    259 ;    746 ;    816 ;      0 ;      0 ;
2016-12-08 17:55 ;   1085 ;    568 ;    442 ;    175 ;   1126 ;    457 ;   1531 ;   -733 ;    -16 ;   1006 ;   -585 ;     -8 ;   -463 ;      8 ;      7 ;    264 ;    758 ;    825 ;      0 ;      0 ;
2016-12-08 18:00 ;   1108 ;    566 ;    442 ;    177 ;   1101 ;    487 ;   1433 ;   -732 ;    102 ;    928 ;   -585 ;     -8 ;   -527 ;      8 ;      6 ;    268 ;    758 ;    830 ;      0 ;      0 ;
2016-12-08 18:05 ;   1135 ;    583 ;    439 ;    177 ;   1120 ;    507 ;   1333 ;   -732 ;    160 ;    880 ;   -585 ;     -8 ;   -529 ;      8 ;      7 ;    275 ;    757 ;    871 ;      0 ;      0 ;
2016-12-08 18:10 ;   1151 ;    596 ;    438 ;    177 ;   1126 ;    523 ;   1236 ;   -732 ;    254 ;    836 ;   -585 ;    -11 ;   -528 ;      8 ;      8 ;    279 ;    749 ;    900 ;      0 ;      0 ;
2016-12-08 18:15 ;   1140 ;    602 ;    440 ;    177 ;   1152 ;    522 ;   1227 ;   -732 ;    236 ;    785 ;   -585 ;     -9 ;   -528 ;      8 ;      5 ;    281 ;    766 ;    908 ;      0 ;      0 ;
2016-12-08 18:20 ;   1124 ;    593 ;    439 ;    178 ;   1151 ;    560 ;   1219 ;   -732 ;    254 ;    772 ;   -585 ;    -11 ;   -528 ;      8 ;      8 ;    277 ;    791 ;    920 ;      0 ;      0 ;
2016-12-08 18:25 ;   1132 ;    587 ;    440 ;    178 ;   1156 ;    572 ;   1214 ;   -732 ;    247 ;    756 ;   -585 ;    -10 ;   -528 ;      8 ;      7 ;    277 ;    805 ;    923 ;      0 ;      0 ;
2016-12-08 18:30 ;   1143 ;    582 ;    439 ;    178 ;   1148 ;    576 ;   1215 ;   -731 ;    232 ;    740 ;   -585 ;    -11 ;   -528 ;      8 ;      6 ;    279 ;    795 ;    928 ;      0 ;      0 ;
2016-12-08 18:35 ;   1142 ;    585 ;    440 ;    178 ;   1130 ;    564 ;   1214 ;   -732 ;    225 ;    751 ;   -585 ;    -10 ;   -528 ;      8 ;      6 ;    280 ;    766 ;    928 ;      0 ;      0 ;
2016-12-08 18:40 ;   1156 ;    576 ;    439 ;    176 ;   1130 ;    561 ;   1214 ;   -732 ;    210 ;    743 ;   -585 ;    -10 ;   -528 ;      8 ;      6 ;    282 ;    752 ;    939 ;      0 ;      0 ;
2016-12-08 18:45 ;   1161 ;    580 ;    442 ;    176 ;   1138 ;    557 ;   1214 ;   -733 ;    186 ;    754 ;   -585 ;    -10 ;   -528 ;      8 ;      6 ;    283 ;    752 ;    942 ;      0 ;      0 ;
2016-12-08 18:50 ;   1167 ;    580 ;    437 ;    178 ;   1130 ;    560 ;   1213 ;   -733 ;    178 ;    741 ;   -585 ;    -10 ;   -523 ;      8 ;      7 ;    284 ;    735 ;    955 ;      0 ;      0 ;
2016-12-08 18:55 ;   1147 ;    582 ;    437 ;    178 ;   1124 ;    547 ;   1138 ;   -731 ;    230 ;    756 ;   -585 ;    -10 ;   -515 ;      8 ;      6 ;    285 ;    713 ;    957 ;      0 ;      0 ;
2016-12-08 19:00 ;   1107 ;    589 ;    441 ;    175 ;   1111 ;    527 ;   1136 ;   -729 ;    212 ;    755 ;   -585 ;     -9 ;   -517 ;      8 ;      7 ;    286 ;    692 ;    946 ;      0 ;      0 ;
2016-12-08 19:05 ;   1064 ;    598 ;    439 ;    174 ;   1104 ;    519 ;   1099 ;   -726 ;    210 ;    750 ;   -585 ;    -11 ;   -511 ;      8 ;      7 ;    287 ;    687 ;    936 ;      0 ;      0 ;
2016-12-08 19:10 ;   1052 ;    611 ;    439 ;    175 ;   1091 ;    516 ;   1058 ;   -724 ;    221 ;    719 ;   -585 ;    -11 ;   -502 ;      8 ;      7 ;    292 ;    688 ;    919 ;      0 ;      0 ;
2016-12-08 19:15 ;   1044 ;    616 ;    439 ;    176 ;   1096 ;    532 ;   1058 ;   -722 ;    211 ;    692 ;   -585 ;    -10 ;   -498 ;      8 ;      8 ;    291 ;    694 ;    934 ;      0 ;      0 ;
2016-12-08 19:20 ;   1048 ;    623 ;    437 ;    177 ;   1109 ;    528 ;   1059 ;   -722 ;    178 ;    677 ;   -585 ;    -12 ;   -494 ;      8 ;      7 ;    294 ;    690 ;    946 ;      0 ;      0 ;
2016-12-08 19:25 ;   1065 ;    623 ;    437 ;    175 ;   1089 ;    512 ;   1058 ;   -722 ;    163 ;    692 ;   -585 ;    -12 ;   -494 ;      8 ;      6 ;    297 ;    673 ;    928 ;      0 ;      0 ;
2016-12-08 19:30 ;   1052 ;    623 ;    437 ;    174 ;   1110 ;    514 ;   1059 ;   -723 ;    150 ;    730 ;   -585 ;    -13 ;   -447 ;      8 ;      6 ;    293 ;    675 ;    949 ;      0 ;      0 ;
2016-12-08 19:35 ;   1044 ;    622 ;    434 ;    175 ;   1122 ;    512 ;   1012 ;   -726 ;    173 ;    735 ;   -585 ;    -13 ;   -438 ;      8 ;      6 ;    293 ;    676 ;    959 ;      0 ;      0 ;
2016-12-08 19:40 ;   1044 ;    628 ;    435 ;    179 ;   1152 ;    517 ;    997 ;   -718 ;    170 ;    699 ;   -585 ;    -14 ;   -431 ;      8 ;      6 ;    295 ;    696 ;    974 ;      0 ;      0 ;
2016-12-08 19:45 ;   1037 ;    631 ;    434 ;    177 ;   1159 ;    531 ;    995 ;   -718 ;    168 ;    676 ;   -585 ;    -13 ;   -427 ;      8 ;      7 ;    296 ;    706 ;    985 ;      0 ;      0 ;
2016-12-08 19:50 ;   1049 ;    630 ;    432 ;    179 ;   1164 ;    542 ;    944 ;   -652 ;    161 ;    686 ;   -585 ;    -12 ;   -423 ;      8 ;      5 ;    294 ;    720 ;    985 ;      0 ;      0 ;
2016-12-08 19:55 ;   1046 ;    627 ;    433 ;    179 ;   1166 ;    553 ;    890 ;   -591 ;    142 ;    650 ;   -585 ;    -12 ;   -423 ;      8 ;      6 ;    296 ;    738 ;    981 ;      0 ;      0 ;
2016-12-08 20:00 ;   1022 ;    627 ;    435 ;    181 ;   1158 ;    574 ;    885 ;   -524 ;    112 ;    600 ;   -585 ;    -13 ;   -423 ;      8 ;      6 ;    293 ;    756 ;    976 ;      0 ;      0 ;
2016-12-08 20:05 ;    980 ;    630 ;    412 ;    179 ;   1156 ;    584 ;    877 ;   -463 ;    148 ;    543 ;   -585 ;    -12 ;   -487 ;      8 ;      7 ;    288 ;    762 ;    978 ;      0 ;      0 ;
2016-12-08 20:10 ;    958 ;    627 ;    386 ;    179 ;   1163 ;    600 ;    831 ;   -396 ;    132 ;    500 ;   -585 ;    -13 ;   -491 ;      8 ;      5 ;    288 ;    772 ;    992 ;      0 ;      0 ;
2016-12-08 20:15 ;    954 ;    627 ;    371 ;    176 ;   1186 ;    607 ;    774 ;   -334 ;    117 ;    504 ;   -585 ;    -14 ;   -483 ;      8 ;      6 ;    286 ;    768 ;   1025 ;      0 ;      0 ;
2016-12-08 20:20 ;    941 ;    624 ;    351 ;    175 ;   1201 ;    604 ;    773 ;   -331 ;    124 ;    498 ;   -585 ;    -12 ;   -483 ;      8 ;      6 ;    284 ;    765 ;   1040 ;      0 ;      0 ;
2016-12-08 20:25 ;    948 ;    625 ;    351 ;    174 ;   1210 ;    614 ;    726 ;   -331 ;    138 ;    479 ;   -585 ;    -12 ;   -479 ;      8 ;      7 ;    287 ;    770 ;   1054 ;      0 ;      0 ;
2016-12-08 20:30 ;    943 ;    625 ;    345 ;    174 ;   1212 ;    616 ;    674 ;   -332 ;    167 ;    472 ;   -585 ;    -13 ;   -473 ;      8 ;      7 ;    289 ;    769 ;   1059 ;      0 ;      0 ;
2016-12-08 20:35 ;    957 ;    629 ;    342 ;    173 ;   1222 ;    641 ;    673 ;   -332 ;    135 ;    458 ;   -585 ;    -13 ;   -471 ;      8 ;      6 ;    291 ;    781 ;   1082 ;      0 ;      0 ;
2016-12-08 20:40 ;    960 ;    633 ;    345 ;    174 ;   1228 ;    654 ;    674 ;   -331 ;    140 ;    427 ;   -585 ;    -13 ;   -470 ;      8 ;      7 ;    292 ;    785 ;   1097 ;      0 ;      0 ;
2016-12-08 20:45 ;    954 ;    632 ;    351 ;    176 ;   1236 ;    663 ;    674 ;   -331 ;    142 ;    412 ;   -585 ;    -12 ;   -471 ;      8 ;      7 ;    291 ;    792 ;   1107 ;      0 ;      0 ;
2016-12-08 20:50 ;    948 ;    630 ;    351 ;    179 ;   1214 ;    664 ;    592 ;   -293 ;    157 ;    431 ;   -585 ;    -13 ;   -460 ;      8 ;      5 ;    293 ;    802 ;   1075 ;      0 ;      0 ;
2016-12-08 20:55 ;    929 ;    631 ;    341 ;    179 ;   1216 ;    644 ;    505 ;   -253 ;    151 ;    435 ;   -585 ;    -13 ;   -444 ;      8 ;      6 ;    295 ;    806 ;   1054 ;      0 ;      0 ;
2016-12-08 21:00 ;    927 ;    633 ;    341 ;    181 ;   1239 ;    631 ;    380 ;   -213 ;    175 ;    427 ;   -585 ;    -12 ;   -436 ;      8 ;      7 ;    299 ;    798 ;   1072 ;      0 ;      0 ;
2016-12-08 21:05 ;    928 ;    627 ;    343 ;    181 ;   1263 ;    613 ;    246 ;   -173 ;    147 ;    456 ;   -585 ;    -13 ;   -429 ;      8 ;      7 ;    303 ;    796 ;   1080 ;      0 ;      0 ;
2016-12-08 21:10 ;    914 ;    624 ;    343 ;    180 ;   1287 ;    548 ;    171 ;   -135 ;    126 ;    493 ;   -585 ;    -12 ;   -415 ;      8 ;      7 ;    304 ;    768 ;   1067 ;      0 ;      0 ;
2016-12-08 21:15 ;    890 ;    621 ;    345 ;    182 ;   1322 ;    525 ;     82 ;    -91 ;    172 ;    524 ;   -585 ;    -11 ;   -402 ;      8 ;      5 ;    298 ;    743 ;   1104 ;      0 ;      0 ;
2016-12-08 21:20 ;    883 ;    623 ;    345 ;    181 ;   1317 ;    536 ;     80 ;    -93 ;    143 ;    512 ;   -585 ;    -12 ;   -402 ;      8 ;      7 ;    301 ;    745 ;   1109 ;      0 ;      0 ;
2016-12-08 21:25 ;    874 ;    628 ;    344 ;    180 ;   1321 ;    556 ;     79 ;    -93 ;    146 ;    488 ;   -585 ;    -12 ;   -402 ;      8 ;      7 ;    300 ;    766 ;   1110 ;      0 ;      0 ;
2016-12-08 21:30 ;    874 ;    627 ;    343 ;    179 ;   1321 ;    565 ;     79 ;    -93 ;    141 ;    460 ;   -585 ;    -11 ;   -402 ;      8 ;      7 ;    300 ;    785 ;   1101 ;      0 ;      0 ;
2016-12-08 21:35 ;    872 ;    625 ;    343 ;    178 ;   1301 ;    573 ;     80 ;    -93 ;    135 ;    439 ;   -585 ;    -12 ;   -402 ;      8 ;      8 ;    300 ;    780 ;   1094 ;      0 ;      0 ;
2016-12-08 21:40 ;    878 ;    621 ;    346 ;    179 ;   1287 ;    553 ;     80 ;    -93 ;    136 ;    436 ;   -585 ;     -8 ;   -402 ;      8 ;      8 ;    303 ;    768 ;   1073 ;      0 ;      0 ;
2016-12-08 21:45 ;    880 ;    624 ;    344 ;    176 ;   1286 ;    561 ;     80 ;    -92 ;    144 ;    413 ;   -585 ;     -7 ;   -402 ;      8 ;      9 ;    303 ;    769 ;   1077 ;      0 ;      0 ;
2016-12-08 21:50 ;    891 ;    626 ;    344 ;    177 ;   1294 ;    585 ;      7 ;    -93 ;    141 ;    416 ;   -585 ;     -6 ;   -355 ;      8 ;      7 ;    301 ;    794 ;   1085 ;      0 ;      0 ;
2016-12-08 21:55 ;    892 ;    626 ;    344 ;    175 ;   1330 ;    584 ;    -63 ;    -92 ;    160 ;    314 ;   -450 ;     -6 ;   -306 ;      8 ;     10 ;    300 ;    819 ;   1095 ;      0 ;      0 ;
2016-12-08 22:00 ;    904 ;    624 ;    345 ;    173 ;   1332 ;    620 ;   -172 ;    -90 ;    206 ;    211 ;   -312 ;     -6 ;   -257 ;      8 ;      8 ;    298 ;    833 ;   1119 ;      0 ;      0 ;
2016-12-08 22:05 ;    885 ;    619 ;    343 ;    173 ;   1323 ;    613 ;   -319 ;    -90 ;    309 ;    108 ;   -173 ;     -8 ;   -209 ;      8 ;      9 ;    297 ;    820 ;   1116 ;      0 ;      0 ;
2016-12-08 22:10 ;    855 ;    623 ;    336 ;    174 ;   1317 ;    651 ;   -446 ;    -87 ;    427 ;    -24 ;    -35 ;     -5 ;   -160 ;      8 ;      8 ;    293 ;    845 ;   1123 ;      0 ;      0 ;
2016-12-08 22:15 ;    855 ;    624 ;    332 ;    174 ;   1303 ;    668 ;   -517 ;    -86 ;    421 ;    -28 ;    -33 ;     -8 ;   -111 ;      8 ;     10 ;    293 ;    877 ;   1094 ;      0 ;      0 ;
2016-12-08 22:20 ;    849 ;    621 ;    333 ;    174 ;   1318 ;    676 ;   -520 ;    -86 ;    393 ;    -34 ;    -33 ;     -7 ;   -110 ;      8 ;      7 ;    290 ;    884 ;   1110 ;      0 ;      0 ;
2016-12-08 22:25 ;    852 ;    623 ;    331 ;    173 ;   1311 ;    678 ;   -518 ;    -87 ;    395 ;    -39 ;    -33 ;     -6 ;   -110 ;      8 ;      7 ;    291 ;    882 ;   1107 ;      0 ;      0 ;
2016-12-08 22:30 ;    816 ;    615 ;    331 ;    172 ;   1291 ;    672 ;   -519 ;    -87 ;    425 ;    -34 ;    -33 ;     -8 ;   -110 ;      8 ;      8 ;    288 ;    865 ;   1098 ;      0 ;      0 ;
2016-12-08 22:35 ;    770 ;    600 ;    333 ;    173 ;   1303 ;    666 ;   -519 ;    -87 ;    407 ;    -60 ;    -33 ;     -6 ;   -110 ;      8 ;      7 ;    281 ;    879 ;   1090 ;      0 ;      0 ;
2016-12-08 22:40 ;    748 ;    591 ;    330 ;    175 ;   1349 ;    661 ;   -520 ;    -87 ;    391 ;    -47 ;    -33 ;     -6 ;   -110 ;      8 ;      7 ;    274 ;    887 ;   1123 ;      0 ;      0 ;
2016-12-08 22:45 ;    742 ;    591 ;    331 ;    173 ;   1363 ;    658 ;   -519 ;    -87 ;    403 ;    -56 ;    -33 ;     -6 ;   -111 ;      8 ;      9 ;    273 ;    891 ;   1130 ;      0 ;      0 ;
2016-12-08 22:50 ;    750 ;    594 ;    329 ;    175 ;   1363 ;    649 ;   -572 ;    -77 ;    429 ;    -69 ;    -33 ;     -7 ;   -127 ;      8 ;      8 ;    274 ;    888 ;   1124 ;      0 ;      0 ;
2016-12-08 22:55 ;    826 ;    599 ;    327 ;    174 ;   1364 ;    641 ;   -624 ;    -68 ;    405 ;   -111 ;    -33 ;     -9 ;   -146 ;      8 ;      9 ;    284 ;    882 ;   1123 ;      0 ;      0 ;
2016-12-08 23:00 ;    891 ;    605 ;    327 ;    175 ;   1364 ;    653 ;   -749 ;    -59 ;    480 ;    -25 ;   -169 ;    -10 ;   -165 ;      8 ;      9 ;    292 ;    881 ;   1135 ;      0 ;      0 ;
2016-12-08 23:05 ;    870 ;    614 ;    329 ;    177 ;   1343 ;    649 ;   -876 ;     77 ;    494 ;     70 ;   -313 ;    -10 ;   -183 ;      8 ;      9 ;    292 ;    865 ;   1126 ;      0 ;      0 ;
2016-12-08 23:10 ;    851 ;    600 ;    324 ;    175 ;   1337 ;    655 ;   -932 ;    160 ;    509 ;     60 ;   -316 ;    -13 ;   -201 ;      8 ;      6 ;    287 ;    856 ;   1137 ;      0 ;      0 ;
2016-12-08 23:15 ;    851 ;    604 ;    322 ;    177 ;   1341 ;    660 ;   -984 ;    187 ;    529 ;     27 ;   -316 ;    -14 ;   -219 ;      8 ;      7 ;    287 ;    849 ;   1152 ;      0 ;      0 ;
2016-12-08 23:20 ;    845 ;    610 ;    323 ;    180 ;   1359 ;    665 ;   -983 ;    188 ;    505 ;      7 ;   -316 ;    -13 ;   -219 ;      8 ;      7 ;    287 ;    853 ;   1171 ;      0 ;      0 ;
2016-12-08 23:25 ;    849 ;    615 ;    324 ;    181 ;   1347 ;    659 ;   -983 ;    188 ;    514 ;    -10 ;   -316 ;    -12 ;   -219 ;      8 ;      7 ;    289 ;    856 ;   1150 ;      0 ;      0 ;
2016-12-08 23:30 ;    847 ;    616 ;    322 ;    180 ;   1319 ;    650 ;   -984 ;    189 ;    520 ;    -23 ;   -316 ;    -12 ;   -219 ;      8 ;      7 ;    292 ;    849 ;   1121 ;      0 ;      0 ;
2016-12-08 23:35 ;    844 ;    616 ;    322 ;    181 ;   1324 ;    648 ;   -983 ;    189 ;    521 ;    -23 ;   -316 ;    -14 ;   -219 ;      8 ;      7 ;    292 ;    856 ;   1116 ;      0 ;      0 ;
2016-12-08 23:40 ;    848 ;    615 ;    324 ;    182 ;   1310 ;    636 ;   -984 ;    189 ;    511 ;    -28 ;   -316 ;    -15 ;   -219 ;      8 ;     10 ;    294 ;    842 ;   1104 ;      0 ;      0 ;
2016-12-08 23:45 ;    848 ;    613 ;    322 ;    179 ;   1297 ;    600 ;   -986 ;    150 ;    550 ;      0 ;   -316 ;    -15 ;   -220 ;      8 ;      7 ;    297 ;    807 ;   1090 ;      0 ;      0 ;
2016-12-08 23:50 ;    859 ;    613 ;    322 ;    181 ;   1300 ;    592 ;  -1004 ;    146 ;    516 ;     16 ;   -316 ;    -14 ;   -181 ;      8 ;      6 ;    299 ;    801 ;   1091 ;      0 ;      0 ;
2016-12-08 23:55 ;    861 ;    612 ;    322 ;    179 ;   1308 ;    580 ;  -1020 ;    261 ;    416 ;     59 ;   -316 ;    -11 ;   -143 ;      8 ;      9 ;    299 ;    794 ;   1094 ;      0 ;      0 ;
